LookAt0 = -0.0621458,-0.61305,-1.30774
LookAtP = -0.0621458,-0.61305,-1.30774
a=[ 384.521 46.7317 ]
b=[ 260.565 145.141 ]
c=[ 401.019 216 ]
d=[ 271.785 258.766 ]
e=[ 7.13314 379.744 ]
